1 0.53479000390625 0.5625850390625 0.533320482421875 0.56077850390625 0.532529201171875 0.5615312265625 0.533320482421875 0.564391572265625 0.52744239453125 0.568004642578125 0.52678236328125 0.56890791015625 0.528346716796875 0.572370435546875 0.5352421640625 0.566499197265625 0.53727688671875 0.569209 0.53818120703125 0.5681551875 0.537050806640625 0.5645421171875 0.54394625390625 0.5594236015625 0.542589771484375 0.557617068359375 0.53479000390625 0.5625850390625
1 0.553667705078125 0.5503909296875 0.55219818359375 0.551444740234375 0.553215544921875 0.5534018203125 0.546885296875 0.5594236015625 0.547902658203125 0.56183231640625 0.547902658203125 0.56123013671875 0.55389378515625 0.55611162109375 0.555815466796875 0.55897196875 0.55717194921875 0.55776761328125 0.555702427734375 0.55415454296875 0.5619196328125 0.548433849609375 0.56135443359375 0.54647676953125 0.554572025390625 0.552197462890625 0.553667705078125 0.5503909296875
1 0.565989078125 0.51395914453125 0.56474563671875 0.51501295703125 0.565423876953125 0.51697003515625 0.5619196328125 0.521185283203125 0.559884912109375 0.5238950859375 0.560676193359375 0.5258521640625 0.561717583984375 0.5249488984375 0.56711948046875 0.51847548046875 0.568589001953125 0.521185283203125 0.5700585234375 0.520131470703125 0.569041162109375 0.517120580078125 0.574127966796875 0.51185151953125 0.571528044921875 0.51079770703125 0.566893400390625 0.51546458984375 0.565989078125 0.51395914453125
1 0.696011490234375 0.466644474609375 0.698311107421875 0.4657123828125 0.70046075 0.465179759765625 0.70071070703125 0.46797603125 0.70086796875 0.467509986328125 0.70226044921875 0.46471371484375 0.708459416015625 0.461850865234375 0.708559400390625 0.46038615234375 0.703310275390625 0.4611850859375 0.696561400390625 0.464247669921875 0.693911841796875 0.465179759765625 0.695361599609375 0.46697736328125 0.696011490234375 0.466644474609375
1 0.715558232421875 0.460719041015625 0.70376796875 0.46464713671875 0.70346025 0.46697736328125 0.70830944140625 0.465379494140625 0.70820945703125 0.46704394140625 0.70905931640625 0.468442078125 0.71055906640625 0.46471371484375 0.713808525390625 0.462916111328125 0.715608224609375 0.4614513984375 0.715558232421875 0.460719041015625
1 0.69401182421875 0.416511318359375 0.693761865234375 0.41471371484375 0.693011990234375 0.41484687109375 0.692962 0.41684420703125 0.68549041015625 0.42152292578125 0.687512908203125 0.423169107421875 0.692812025390625 0.419840212890625 0.69331194140625 0.42170439453125 0.694361765625 0.420838880859375 0.694361765625 0.41924101171875 0.70011080859375 0.4159121171875 0.70081069140625 0.4135153125 0.69401182421875 0.416511318359375
1 0.577357525390625 0.73761651171875 0.574408015625 0.739014646484375 0.570858607421875 0.74081225 0.568409015625 0.743475365234375 0.568658974609375 0.744873501953125 0.56881796875 0.74454061328125 0.572358357421875 0.741544607421875 0.571208548828125 0.744673767578125 0.57265830859375 0.743874833984375 0.574408015625 0.740612517578125 0.576107732421875 0.739280958984375 0.580257041015625 0.739147802734375 0.579957091796875 0.73768308984375 0.577357525390625 0.73761651171875
1 0.582556658203125 0.728894806640625 0.58230669921875 0.726764314453125 0.57780744921875 0.72862849609375 0.57340818359375 0.731957390625 0.5699587578125 0.734620505859375 0.56805907421875 0.735818908203125 0.56805907421875 0.73748335546875 0.568409015625 0.73748335546875 0.573858107421875 0.7340878828125 0.574208048828125 0.734553927734375 0.57410806640625 0.736884154296875 0.575157890625 0.736418109375 0.575857775390625 0.73308921484375 0.57705757421875 0.73175765625 0.579607150390625 0.730226365234375 0.582556658203125 0.728894806640625
1 0.773662220703125 0.429194666015625 0.777540587890625 0.422633548828125 0.775548994140625 0.423610736328125 0.77240437109375 0.428845669921875 0.76753965234375 0.437570556640625 0.76905010546875 0.43833834765625 0.77240437109375 0.431777232421875 0.772823654296875 0.43184703125 0.77329534765625 0.43275441796875 0.7743435546875 0.432684619140625 0.774238734375 0.43080004296875 0.773662220703125 0.429194666015625
1 0.779112900390625 0.40427638671875 0.776544791015625 0.405672369140625 0.77329534765625 0.406928751953125 0.767530205078125 0.4105583046875 0.76648199609375 0.41167508984375 0.766858203125 0.413280470703125 0.773085705078125 0.4100697109375 0.7743435546875 0.411256296875 0.77518212109375 0.41041870703125 0.775758634765625 0.408324734375 0.78230993359375 0.405323373046875 0.782152703125 0.403997189453125 0.780894853515625 0.403508595703125 0.779112900390625 0.40427638671875
1 0.754217966796875 0.3938763203125 0.7506016484375 0.395621296875 0.7503920078125 0.39841326171875 0.75233119140625 0.39764547265625 0.75390350390625 0.396249490234375 0.75636679296875 0.394783708984375 0.757415 0.394644111328125 0.757939103515625 0.39666828515625 0.75856802734375 0.3972964765625 0.75857598046875 0.397017279296875 0.7593017734375 0.394295115234375 0.76003551953125 0.392829333984375 0.764385580078125 0.3887111875 0.765119326171875 0.38738500390625 0.764175939453125 0.386966208984375 0.759616236328125 0.39031656640625 0.757624640625 0.39206154296875 0.754217966796875 0.3938763203125
1 0.713957732421875 0.377230359375 0.712907908203125 0.37743009375 0.71125818359375 0.37856191796875 0.707108875 0.381358189453125 0.706558966796875 0.380292943359375 0.705809091796875 0.379960052734375 0.705459150390625 0.38049267578125 0.70660895703125 0.381957390625 0.70525918359375 0.3842876171875 0.703209525390625 0.38721704296875 0.70220969140625 0.390545939453125 0.70326796875 0.39081225 0.70750880859375 0.384753662109375 0.708408658203125 0.385685751953125 0.70965844921875 0.38508655078125 0.709908408203125 0.384487349609375 0.70965844921875 0.383688416015625 0.709108541015625 0.38322237109375 0.713657783203125 0.378894806640625 0.713957732421875 0.377230359375
1 0.70525720703125 0.3612516640625 0.70090793359375 0.365113181640625 0.699658140625 0.36464713671875 0.69935819140625 0.366245005859375 0.696808615234375 0.368308921875 0.6944590078125 0.3703728359375 0.693609150390625 0.37177097265625 0.693959091796875 0.372636484375 0.69415905859375 0.372303595703125 0.700258041015625 0.3681091875 0.701057908203125 0.36904127734375 0.70225770703125 0.368308921875 0.702607650390625 0.367509986328125 0.702207716796875 0.366311583984375 0.70760681640625 0.361984021484375 0.707406849609375 0.360652462890625 0.70525720703125 0.3612516640625
1 0.67120682421875 0.388348869140625 0.66970707421875 0.38761651171875 0.6686072578125 0.38741677734375 0.668507275390625 0.3887483359375 0.670256982421875 0.389347537109375 0.665357798828125 0.397270306640625 0.667007525390625 0.3978029296875 0.672206658203125 0.391211716796875 0.67345644921875 0.39207723046875 0.674506275390625 0.391544607421875 0.674806224609375 0.390745671875 0.673706408203125 0.389280958984375 0.678155666015625 0.382556591796875 0.677055849609375 0.381424767578125 0.67120682421875 0.388348869140625
1 0.649658275390625 0.415246337890625 0.648858408203125 0.413581890625 0.64790856640625 0.414247669921875 0.648758423828125 0.4160452734375 0.642459474609375 0.420106525390625 0.643109365234375 0.422436751953125 0.64941796875 0.418308921875 0.65085807421875 0.4205059921875 0.65170793359375 0.420039947265625 0.651907900390625 0.41950732421875 0.650758091796875 0.41724367578125 0.653657607421875 0.413182423828125 0.655957224609375 0.410985353515625 0.655507298828125 0.409121171875 0.649658275390625 0.415246337890625
1 0.629506548828125 0.415179759765625 0.630256423828125 0.413781625 0.628056791015625 0.4111850859375 0.63010644921875 0.40359520703125 0.62720693359375 0.406058587890625 0.62586796875 0.409853529296875 0.624007466796875 0.40798934765625 0.623557541015625 0.409454060546875 0.62480733203125 0.4114513984375 0.62120793359375 0.420905458984375 0.62255770703125 0.42177097265625 0.626807 0.413448734375 0.629506548828125 0.415179759765625
1 0.63755520703125 0.395139814453125 0.63540556640625 0.396271638671875 0.63005645703125 0.399933421875 0.6291066171875 0.399600533203125 0.628756673828125 0.400399466796875 0.6290066328125 0.401531291015625 0.622907650390625 0.407256990234375 0.62331796875 0.408455392578125 0.630656357421875 0.40312916015625 0.6328559921875 0.40545938671875 0.63385582421875 0.404527296875 0.6320061328125 0.4022636484375 0.63695530859375 0.398135818359375 0.638255091796875 0.39660452734375 0.638055125 0.395805591796875 0.63755520703125 0.395139814453125
1 0.672590912109375 0.37396804296875 0.671791046875 0.37410119921875 0.671891029296875 0.375699068359375 0.667291796875 0.38308921484375 0.671891029296875 0.378961384765625 0.6724409375 0.381824234375 0.673890697265625 0.381091876953125 0.673740720703125 0.377962716796875 0.680639572265625 0.375565912109375 0.681289462890625 0.374300931640625 0.67279087890625 0.3750332890625 0.672590912109375 0.37396804296875
1 0.66681258984375 0.36944074609375 0.66591273828125 0.367842876953125 0.665462814453125 0.368175765625 0.666562630859375 0.370106525390625 0.660963564453125 0.3751664453125 0.66081358984375 0.3772969375 0.6677624296875 0.372969375 0.6687122734375 0.374234353515625 0.669862080078125 0.373302263671875 0.669512138671875 0.372370173828125 0.673311505859375 0.3635153125 0.67266161328125 0.36251664453125 0.6677624296875 0.36950732421875 0.66681258984375 0.36944074609375
1 0.68285655859375 0.3474700390625 0.682606599609375 0.346071904296875 0.6809068828125 0.34647137109375 0.67600769921875 0.351464712890625 0.675407798828125 0.349533955078125 0.6750078671875 0.34986684375 0.6750078671875 0.3522636484375 0.67145845703125 0.3566577890625 0.66930881640625 0.359853529296875 0.668708916015625 0.3614513984375 0.66991796875 0.362183755859375 0.67530781640625 0.35579227734375 0.675857724609375 0.357323568359375 0.67750744921875 0.358655126953125 0.677957375 0.35778961328125 0.677057525390625 0.355259654296875 0.67755744140625 0.352862849609375 0.681106849609375 0.34880159765625 0.68285655859375 0.3474700390625
1 0.699306400390625 0.319640478515625 0.69900644921875 0.317509986328125 0.6965068671875 0.318641810546875 0.69380731640625 0.32177097265625 0.69235755859375 0.32370173046875 0.688658173828125 0.32616511328125 0.687358390625 0.328695072265625 0.68811796875 0.3297603203125 0.6927574921875 0.325765646484375 0.693607349609375 0.32829560546875 0.694407216796875 0.329161119140625 0.695107099609375 0.328761650390625 0.694757158203125 0.32623169140625 0.694757158203125 0.32396804296875 0.697706666015625 0.321038615234375 0.699306400390625 0.319640478515625
1 0.67726007421875 0.3113182421875 0.676710166015625 0.309520638671875 0.673860640625 0.31045273046875 0.671111099609375 0.312183755859375 0.66981131640625 0.314181091796875 0.669211416015625 0.311984021484375 0.668561525390625 0.312916111328125 0.668811482421875 0.31491344921875 0.667411716796875 0.31724367578125 0.66606194140625 0.318908123046875 0.66526207421875 0.3205059921875 0.664612181640625 0.322370173828125 0.66456219140625 0.323568576171875 0.66551796875 0.323035951171875 0.6671617578125 0.3205725703125 0.66986130859375 0.317643142578125 0.671011115234375 0.31917443359375 0.672310900390625 0.318774966796875 0.67126107421875 0.3159121171875 0.673260740234375 0.313049267578125 0.6746605078125 0.312183755859375 0.67726007421875 0.3113182421875
1 0.651608474609375 0.3338881484375 0.651208541015625 0.3340878828125 0.651258533203125 0.336684419921875 0.644159716796875 0.342543275390625 0.645559482421875 0.34427430078125 0.64556796875 0.343941412109375 0.650908591796875 0.339480693359375 0.6521583828125 0.342676431640625 0.6536581328125 0.341011984375 0.653158216796875 0.338348869140625 0.659707125 0.3341544609375 0.659507158203125 0.332223701171875 0.65180844140625 0.336151796875 0.651608474609375 0.3338881484375
1 0.64196008203125 0.326764314453125 0.63496125 0.33062583203125 0.6349112578125 0.329027962890625 0.633661466796875 0.329161119140625 0.633661466796875 0.331424767578125 0.631111890625 0.332090546875 0.62961796875 0.331957390625 0.630511990234375 0.33528628515625 0.633261533203125 0.3342876171875 0.634861265625 0.337882822265625 0.635111224609375 0.337150466796875 0.635411173828125 0.334820240234375 0.635011240234375 0.333488681640625 0.64211005859375 0.3293608515625 0.64196008203125 0.326764314453125
1 0.61731419140625 0.34420772265625 0.623513158203125 0.34001331640625 0.625312857421875 0.342809587890625 0.625362849609375 0.34067909375 0.625012908203125 0.3385486015625 0.630112056640625 0.33541944140625 0.62941796875 0.332356857421875 0.626862599609375 0.333621837890625 0.624263033203125 0.33661784375 0.62331319140625 0.334620505859375 0.622763283203125 0.33495339453125 0.622863265625 0.33735019921875 0.616214375 0.3431424765625 0.61731419140625 0.34420772265625
1 0.64234578125 0.38065132421875 0.635971158203125 0.383481189453125 0.63488280859375 0.384861611328125 0.633690806640625 0.38320510546875 0.633172544921875 0.383550208984375 0.634105416015625 0.38527573828125 0.63265428125 0.38638007421875 0.630425755859375 0.38803658203125 0.62897462109375 0.390245255859375 0.628197228515625 0.39176371875 0.628827076171875 0.392799037109375 0.634312720703125 0.387691474609375 0.634727330078125 0.389555044921875 0.63643759375 0.390728404296875 0.636489419921875 0.38776049609375 0.635763853515625 0.387001265625 0.637577771484375 0.38499965234375 0.642397607421875 0.38272195703125 0.64234578125 0.38065132421875
1 0.603831716796875 0.38914091796875 0.603417107421875 0.38983112890625 0.60476458984375 0.3908664453125 0.602121453125 0.395490859375 0.60118858203125 0.397837576171875 0.6010331015625 0.39928701953125 0.60200134765625 0.399802814453125 0.6065266796875 0.393144142578125 0.60896251171875 0.394524564453125 0.609532599609375 0.39376533203125 0.607977814453125 0.39134959375 0.612590345703125 0.384033357421875 0.61103555859375 0.38361923046875 0.605231025390625 0.390038193359375 0.603831716796875 0.38914091796875
1 0.59294821484375 0.405567939453125 0.59232630078125 0.405775001953125 0.591134298828125 0.403773390625 0.589942294921875 0.4044636015625 0.591548908203125 0.4062581484375 0.591652560546875 0.40756955078125 0.590408732421875 0.40984724609375 0.58957951171875 0.411848857421875 0.58957951171875 0.4143336171875 0.58999412109375 0.4159211015625 0.590512384765625 0.416128166015625 0.593518302734375 0.40964018359375 0.594710306640625 0.41053745703125 0.59569500390625 0.4086048671875 0.594813958984375 0.407845634765625 0.597975357421875 0.403359263671875 0.59802718359375 0.402531009765625 0.594917611328125 0.402876115234375 0.59294821484375 0.405567939453125
1 0.561796728515625 0.38776049609375 0.5563549765625 0.39155665625 0.5559403671875 0.393558267578125 0.55604401953125 0.3934202265625 0.558738982421875 0.39155665625 0.561071162109375 0.390176234375 0.561071162109375 0.392868056640625 0.563040556640625 0.3887958125 0.566979349609375 0.386587138671875 0.567912220703125 0.385551822265625 0.567186654296875 0.384654546875 0.561796728515625 0.38776049609375
1 0.55920541796875 0.372230751953125 0.55500749609375 0.3756818046875 0.548529220703125 0.38154859765625 0.5494161015625 0.382790978515625 0.55417827734375 0.378856775390625 0.55480019140625 0.38044426171875 0.555473931640625 0.381065451171875 0.555784888671875 0.3780285234375 0.558220720703125 0.375198658203125 0.5614339453125 0.372989982421875 0.561278466796875 0.371816625 0.55920541796875 0.372230751953125
1 0.612748658203125 0.36456941015625 0.613681529296875 0.3628438828125 0.611453001953125 0.3630509453125 0.608861693359375 0.365121578125 0.606322208984375 0.3662949375 0.60554481640625 0.364845494140625 0.604819248046875 0.365397662109375 0.605803947265625 0.36684710546875 0.605078380859375 0.368848716796875 0.603782724609375 0.370712287109375 0.602124287109375 0.37326606640625 0.6024870703125 0.37499159375 0.606944123046875 0.369469908203125 0.60803247265625 0.370574244140625 0.60932812890625 0.371057392578125 0.6096390859375 0.37029816015625 0.609483607421875 0.3685726328125 0.60870621484375 0.367675359375 0.61098656640625 0.365742767578125 0.612748658203125 0.36456941015625
1 0.5982891484375 0.35780534375 0.598755583984375 0.35628687890625 0.598185494140625 0.356010794921875 0.59502409765625 0.35787436328125 0.592588265625 0.360221080078125 0.59227730859375 0.35856457421875 0.591655392578125 0.35904772265625 0.5914999140625 0.360704228515625 0.589064083984375 0.3628438828125 0.58740564453125 0.364707451171875 0.58616181640625 0.366432978515625 0.585799033203125 0.367606337890625 0.586680078125 0.3685726328125 0.586731904296875 0.36822752734375 0.58973782421875 0.36525962109375 0.5915517421875 0.363465072265625 0.592018177734375 0.36594983203125 0.592951048828125 0.365397662109375 0.593158353515625 0.363810177734375 0.593158353515625 0.362222693359375 0.596008794921875 0.359806953125 0.5982891484375 0.35780534375
1 0.5891131875 0.338519203125 0.58720940625 0.3394188671875 0.585244212890625 0.342363224609375 0.583279017578125 0.3459618828125 0.581129587890625 0.34432612890625 0.580945349609375 0.345798306640625 0.582726306640625 0.346697970703125 0.579901341796875 0.35168701953125 0.5792258046875 0.356021765625 0.580822525390625 0.35626712890625 0.585367037109375 0.347924787109375 0.587946353515625 0.34931517578125 0.588499064453125 0.348088361328125 0.587025169921875 0.346861546875 0.586595283203125 0.34612545703125 0.58843765234375 0.343017525390625 0.59034143359375 0.339582443359375 0.5891131875 0.338519203125
1 0.513568962890625 0.360520087890625 0.512156478515625 0.3610926015625 0.509024451171875 0.361583328125 0.50638372265625 0.362401205078125 0.505155474609375 0.363955171875 0.505462537109375 0.36550913671875 0.509577162109375 0.36411874609375 0.512524953125 0.36321908203125 0.512893427734375 0.364936623046875 0.513814611328125 0.36649058984375 0.514558748046875 0.366163439453125 0.51541133203125 0.362482994140625 0.5171922890625 0.361501541015625 0.521061263671875 0.360356513671875 0.522289509765625 0.35953863671875 0.522043861328125 0.358393609375 0.518236298828125 0.35863897265625 0.5157798046875 0.359620423828125 0.513568962890625 0.360520087890625
1 0.506506546875 0.3348387578125 0.505769599609375 0.334429818359375 0.50497123828125 0.335901998046875 0.50282180859375 0.337455962890625 0.4999354296875 0.338600990234375 0.498338708984375 0.339991380859375 0.49840012109375 0.341299984375 0.501102263671875 0.340972833984375 0.50349734375 0.33966423046875 0.50497123828125 0.338928142578125 0.505155474609375 0.340972833984375 0.506021015625 0.340972833984375 0.506199484375 0.338928142578125 0.506936431640625 0.337292388671875 0.510559759765625 0.335329482421875 0.51184941796875 0.334511607421875 0.512709189453125 0.333121216796875 0.512156478515625 0.331976189453125 0.509270099609375 0.332875853515625 0.506506546875 0.3348387578125
1 0.5403334140625 0.318940599609375 0.53749865625 0.321177798828125 0.535293845703125 0.322506134765625 0.532879052734375 0.323974296875 0.5313041875 0.32516280859375 0.530096791015625 0.326770794921875 0.53056925 0.32788939453125 0.53240659375 0.327469919921875 0.535871296875 0.325582283203125 0.537078693359375 0.324743333984375 0.53755115234375 0.325931845703125 0.538706052734375 0.32753983203125 0.538811044921875 0.32684070703125 0.539073521484375 0.325092896484375 0.538811044921875 0.324184033203125 0.539388494140625 0.322366310546875 0.54227574609375 0.3202689375 0.54411308984375 0.318800775390625 0.54448055859375 0.31768217578125 0.5437981171875 0.31705296484375 0.5403334140625 0.318940599609375
1 0.559108666015625 0.324167775390625 0.558308798828125 0.32370173046875 0.556209150390625 0.3249667109375 0.551959857421875 0.327696404296875 0.550510099609375 0.32829560546875 0.547460607421875 0.3294940078125 0.54476105859375 0.332490013671875 0.5450610078125 0.333621837890625 0.550860041015625 0.33082556640625 0.55136796875 0.333422103515625 0.551859875 0.333621837890625 0.551959857421875 0.333621837890625 0.552359791015625 0.331957390625 0.552659740234375 0.3296271640625 0.553859541015625 0.32862849609375 0.55815882421875 0.32589880078125 0.559108666015625 0.324167775390625
1 0.56275805859375 0.312849533203125 0.5624081171875 0.312117177734375 0.56275805859375 0.31038615234375 0.5646577421875 0.308322236328125 0.5668073828125 0.30572569921875 0.5669073671875 0.30446071875 0.566257474609375 0.304127830078125 0.563307966796875 0.3066577890625 0.560158490234375 0.309786951171875 0.55890869921875 0.31025299609375 0.558058841796875 0.31018641796875 0.557208982421875 0.30918775 0.55675905859375 0.309920107421875 0.557308966796875 0.311051931640625 0.558508765625 0.3111850859375 0.558358791015625 0.31271637890625 0.555709232421875 0.3157789609375 0.554759390625 0.317909453125 0.55435945703125 0.31924101171875 0.555409283203125 0.319973369140625 0.55586796875 0.319773634765625 0.5570590078125 0.317909453125 0.55900868359375 0.315113181640625 0.560558423828125 0.313115845703125 0.561458275390625 0.31451398046875 0.562358125 0.315246337890625 0.5639078671875 0.315446072265625 0.563757890625 0.314247669921875 0.56275805859375 0.312849533203125