1 0.691545197265625 0.09367469921875 0.68951163671875 0.10060241015625 0.68883378515625 0.11596385546875 0.685275056640625 0.120481927734375 0.680191158203125 0.1234939765625 0.682055251953125 0.127409638671875 0.6869696875 0.12439758984375 0.6886643203125 0.12771084375 0.68951163671875 0.142168673828125 0.69120626953125 0.14518072265625 0.694087146484375 0.143975904296875 0.69391768359375 0.133734939453125 0.695484640625 0.124698794921875 0.70154353125 0.124698794921875 0.70357708984375 0.123192771484375 0.703746552734375 0.118975904296875 0.696968021484375 0.118975904296875 0.695612314453125 0.109939759765625 0.6959512421875 0.098795181640625 0.691545197265625 0.09367469921875
1 0.6146088671875 0.1626506015625 0.6146088671875 0.163855421875 0.606474630859375 0.1680722890625 0.61528672265625 0.173192771484375 0.61596457421875 0.180722890625 0.6185065234375 0.190060240234375 0.62226430078125 0.1903614453125 0.623251494140625 0.171084337890625 0.631385732421875 0.16596385546875 0.623251494140625 0.16325301171875 0.620031693359375 0.149698794921875 0.61596457421875 0.143975904296875 0.614439404296875 0.14367469921875 0.613761552734375 0.152409638671875 0.6146088671875 0.1626506015625
1 0.5710568046875 0.207831326171875 0.57969943359375 0.21054216796875 0.58088567578125 0.21596385546875 0.581732994140625 0.223192771484375 0.583936015625 0.22710843359375 0.58529172265625 0.22861445703125 0.585654130859375 0.226807228515625 0.58596957421875 0.21054216796875 0.590714544921875 0.208734939453125 0.585630646484375 0.202409638671875 0.583936015625 0.190060240234375 0.580716212890625 0.17981927734375 0.578513189453125 0.189759037109375 0.579868896484375 0.200903615234375 0.5710568046875 0.207831326171875
1 0.525617853515625 0.22439758984375 0.52527892578125 0.2292168671875 0.525617853515625 0.234939759765625 0.526295705078125 0.241867470703125 0.517992005859375 0.2457831328125 0.527312484375 0.24789156640625 0.527820875 0.25060241015625 0.52815980078125 0.25632530078125 0.529515505859375 0.260843373046875 0.53154906640625 0.264156626953125 0.533959216796875 0.26445783203125 0.53375208984375 0.2484939765625 0.54120847265625 0.24728915625 0.54120847265625 0.244879517578125 0.53375208984375 0.241265060546875 0.53154906640625 0.23132530078125 0.52917658203125 0.223192771484375 0.52697355859375 0.221987951171875 0.525617853515625 0.22439758984375
1 0.477151353515625 0.2765060234375 0.472575845703125 0.2804216875 0.47749028125 0.286144578125 0.4825741796875 0.2903614453125 0.48579398046875 0.293373494140625 0.48681076171875 0.289759037109375 0.4849466640625 0.284337349609375 0.487319150390625 0.27861445703125 0.48429819921875 0.27831325390625 0.483590958984375 0.2707831328125 0.483760421875 0.26445783203125 0.483929884765625 0.2542168671875 0.482235251953125 0.252409638671875 0.479862765625 0.252409638671875 0.477151353515625 0.258132529296875 0.476981890625 0.268975904296875 0.477151353515625 0.2765060234375
1 0.42646392578125 0.32228915625 0.4239219765625 0.316867470703125 0.419854857421875 0.318373494140625 0.419854857421875 0.324096384765625 0.41121223046875 0.329518072265625 0.411381693359375 0.3319277109375 0.419854857421875 0.331626505859375 0.419007541015625 0.335240962890625 0.419854857421875 0.346084337890625 0.422772775390625 0.35361445703125 0.42510821875 0.353012048828125 0.425616609375 0.344879517578125 0.42714177734375 0.3319277109375 0.43222567578125 0.32831325390625 0.431378361328125 0.32560241015625 0.4273112421875 0.32439758984375 0.42646392578125 0.32228915625
1 0.33834301953125 0.371084337890625 0.348341353515625 0.37168674609375 0.350883302734375 0.376204818359375 0.35579773828125 0.380722890625 0.355119884765625 0.371084337890625 0.361898416015625 0.366867470703125 0.353959216796875 0.364759037109375 0.35291686328125 0.351807228515625 0.3503749140625 0.335843373046875 0.34783296484375 0.3403614453125 0.346307794921875 0.3515060234375 0.3459688671875 0.359337349609375 0.3464772578125 0.365662650390625 0.34664672265625 0.366867470703125 0.33834301953125 0.371084337890625
1 0.280197201171875 0.384939759765625 0.28002773828125 0.407228916015625 0.280875056640625 0.412951806640625 0.271215646484375 0.417771083984375 0.28121398046875 0.4207831328125 0.282908615234375 0.428915662109375 0.2881619765625 0.433734939453125 0.287823048828125 0.420481927734375 0.29527943359375 0.41596385546875 0.287145197265625 0.41445783203125 0.285281099609375 0.398795181640625 0.2818918359375 0.38554216796875 0.280197201171875 0.384939759765625
1 0.21868203125 0.464759037109375 0.22173237109375 0.46746987890625 0.22563002734375 0.47138554296875 0.22935821875 0.4707831328125 0.22650158984375 0.458734939453125 0.224443783203125 0.4457831328125 0.224613248046875 0.429518072265625 0.2196988125 0.430722890625 0.219190421875 0.44638554296875 0.220207201171875 0.4569277109375 0.21834310546875 0.4596385546875 0.209700478515625 0.4626506015625 0.21868203125 0.464759037109375
1 0.085796326171875 0.532228916015625 0.0939305625 0.533734939453125 0.095116806640625 0.5376506015625 0.09596412109375 0.55271084375 0.10087855859375 0.55331325390625 0.099891419921875 0.552409638671875 0.10206480078125 0.533433734375 0.10664030859375 0.532228916015625 0.101217484375 0.52831325390625 0.096811439453125 0.52018072265625 0.093083248046875 0.5180722890625 0.093083248046875 0.5234939765625 0.094269490234375 0.52861445703125 0.085796326171875 0.532228916015625
1 0.17001957421875 0.5542168671875 0.17052796484375 0.5569277109375 0.163241044921875 0.559939759765625 0.171544744140625 0.56174698828125 0.172053134765625 0.56746987890625 0.1730699140625 0.57289156640625 0.17713703125 0.580120482421875 0.177349046875 0.578915662109375 0.178323275390625 0.56054216796875 0.185101806640625 0.55903614453125 0.17730649609375 0.556024095703125 0.174934009765625 0.544879517578125 0.16832494140625 0.5346385546875 0.167308162109375 0.53945783203125 0.168494404296875 0.54789156640625 0.17001957421875 0.5542168671875
1 0.260549517578125 0.555722890625 0.25817703125 0.5554216875 0.25783810546875 0.562951806640625 0.2598716640625 0.570481927734375 0.252923669921875 0.575903615234375 0.262094810546875 0.580722890625 0.26241361328125 0.591265060546875 0.267158583984375 0.60060241015625 0.268344828125 0.587048193359375 0.267836439453125 0.5792168671875 0.274276044921875 0.5765060234375 0.266480732421875 0.573192771484375 0.264616634765625 0.564156626953125 0.260549517578125 0.555722890625
1 0.3232509296875 0.599698794921875 0.315794544921875 0.597590361328125 0.3140999140625 0.58253012109375 0.313083134765625 0.572590361328125 0.311219037109375 0.572590361328125 0.309185478515625 0.579518072265625 0.309524404296875 0.59668674609375 0.3000344609375 0.6042168671875 0.31037172265625 0.60331325390625 0.314608302734375 0.61054216796875 0.318844884765625 0.612048193359375 0.318844884765625 0.610240962890625 0.31782810546875 0.60210843359375 0.3232509296875 0.599698794921875
1 0.352398615234375 0.6292168671875 0.34443383984375 0.62710843359375 0.341383501953125 0.618975904296875 0.336807994140625 0.6207831328125 0.33836599609375 0.629518072265625 0.3305378515625 0.62981927734375 0.340027794921875 0.63253012109375 0.342908671875 0.653915662109375 0.345281158203125 0.65632530078125 0.345620083984375 0.64367469921875 0.345620083984375 0.633132529296875 0.352398615234375 0.6292168671875
1 0.395795591796875 0.652409638671875 0.40748855859375 0.650903615234375 0.408844263671875 0.657228916015625 0.411047287109375 0.6623493984375 0.41446769140625 0.6626506015625 0.414097625 0.651807228515625 0.419859376953125 0.64939758984375 0.4129113828125 0.643975904296875 0.41206406640625 0.636445783203125 0.407149630859375 0.629518072265625 0.406302314453125 0.6373493984375 0.40698016796875 0.644879517578125 0.395795591796875 0.652409638671875
1 0.45002383984375 0.660843373046875 0.450871158203125 0.666566265625 0.44375369921875 0.671084337890625 0.451549009765625 0.67138554296875 0.452057400390625 0.678915662109375 0.45171847265625 0.6876506015625 0.4556541328125 0.692771083984375 0.458497005859375 0.68253012109375 0.457480224609375 0.673795181640625 0.461716806640625 0.671084337890625 0.45680237109375 0.666566265625 0.455446666015625 0.658734939453125 0.4518879375 0.65271084375 0.44883759765625 0.65271084375 0.45002383984375 0.660843373046875
1 0.525450083984375 0.682831326171875 0.51579067578125 0.685240962890625 0.526297400390625 0.68945783203125 0.525619546875 0.69789156640625 0.525450083984375 0.7042168671875 0.5290088125 0.70753012109375 0.531077861328125 0.708433734375 0.532737005859375 0.691265060546875 0.532737005859375 0.688554216796875 0.54002392578125 0.687048193359375 0.53290646875 0.683734939453125 0.5312118359375 0.67771084375 0.52646686328125 0.667168673828125 0.524433302734375 0.664759037109375 0.525450083984375 0.682831326171875